$ pwd
/datacentre/archvol6/pfs220/archive/spot-62455-canari/data/priority/HIST2
(cfa_env) sci-vm-01.jasmin.ac.uk|Tue Sep 08|17:00:48 BST|HIST2 $ for i in {01..40}; do echo $i ; find ./${i}/ -name *.nc -type f |wc -l; done
01
14105
02
14105
03
14105
04
14105
05
14105
06
14105
07
14105
08
14105
09
14105
10
14105
11
14105
12
14105
13
14105
14
14105
15
14105
16
14105
17
14105
18
14082
19
14105
20
14105
21
14053
22
14105
23
14105
24
14105
25
14105
26
14105
27
14105
28
14105
29
14040
30
14105
31
14049
32
14105
33
14105
34
14105
35
14105
36
13390
37
13390
38
13390
39
13390
40
13390

#########################



$ for i in {1..40}; do echo $i ; find ./${i}/ -name *.nc -type l |wc -l; done
1
14105
2
14105
3
14105
4
14105
5
14105
6
14105
7
14105
8
14105
9
14105
10
14105
11
14105
12
14105
13
14105
14
14105
15
14105
16
14105
17
14105
18
14082
19
14105
20
14105
21
14053
22
14105
23
14105
24
14105
25
14105
26
14105
27
14105
28
14105
29
14040
30
14105
31
14049
32
14105
33
14105
34
14105
35
14105
36
13390
37
13390
38
13390
39
13390
40
13390
(cfa_env) sci-vm-01.jasmin.ac.uk|Tue Sep 08|17:38:30 BST|HIST2 $

